
interface                      OFF strict  ON strict   Δ strict   OFF lenient  ON lenient   Δ lenient
--------------------------------------------------------------------------------------------------------------
LanguageParser                     0.0690     0.0690    +0.0000        0.0690      0.0690     +0.0000
NodeCreator                        0.0000     0.0000    +0.0000        0.0000      0.0000     +0.0000
Embedder                           0.0000     0.1429    +0.1429        0.0000      0.1429     +0.1429
Embedder                           0.0000     0.0000    +0.0000        0.0000      0.0000     +0.0000
Column                             0.0000     0.0000    +0.0000        0.0000      0.0000     +0.0000
modelInstallPool                   0.0000     0.0000    +0.0000        0.0000      0.0000     +0.0000
AuthMethodConfig                   0.0000     0.0000    +0.0000        0.0000      0.0000     +0.0000
Authenticator                      0.0000     0.0000    +0.0000        0.0000      0.0000     +0.0000
execer                             0.0000     0.0000    +0.0000        0.0000      0.0000     +0.0000
jobEventPool                       0.0000     0.0000    +0.0000        0.0000      0.0000     +0.0000
--------------------------------------------------------------------------------------------------------------
MEAN                               0.0212     0.0212    +0.0000        0.0212      0.0212     +0.0000
